doc	0	1	2	3	4	5	6	7	8	9	10
1	0.0001617599498712436	0.00016177235364736334	0.0001617737784772916	0.9983822764831204	0.00016176691957062295	0.00016177983920272334	0.00016177936816814834	0.0001617788776380795	0.00016177576056441057	0.00016177671986825317	0.00016175994987139192
2	0.0001998002007218729	0.000199806207226648	0.0001998087070163382	0.0001998177656762125	0.00019980441026610309	0.998001931266077	0.00019980759834798168	0.00019980724219667922	0.00019980994732858134	0.00019980645442061913	0.00019980020072199212
3	0.00044563280429295917	0.0004456929344445986	0.00044567339370937917	0.00044567904971547874	0.00044563866692109554	0.0004456895448469121	0.9955433170618414	0.00044567587361424977	0.00044567814930033807	0.0004456897170201714	0.00044563280429334124
4	0.0004710315657849176	0.0004710602606839016	0.00047104784054831036	0.0004711028028108723	0.0004710557252042304	0.0004710858696001433	0.008398013385525932	0.23526202031828808	0.752571473270095	0.0004710773956722562	0.0004710315657862172
5	0.0005194805242615401	0.9948049529393116	0.0005195227862176157	0.0005195152705184241	0.000519490299800286	0.0005194957222343378	0.0005195002587826078	0.000519521740256322	0.0005195116976525366	0.0005195282367031977	0.0005194805242614623
6	0.0003443526199097081	0.0003443737472586828	0.9965562771986538	0.00034438524890646044	0.0003443579089069819	0.0003443647198072574	0.0003443814699660622	0.0003443834552784343	0.0003443875139527833	0.0003443834974498739	0.000344352619909976
7	0.00041511000881487364	0.0004151381670410461	0.0004151575844902022	0.0004151836294957057	0.00041512094876112733	0.000415177269962504	0.00041515423478724595	0.9958485538682573	0.00041515344102410225	0.000415140838550491	0.00041511000881531014
8	0.00045682961050161753	0.0004568649970703456	0.12892983046477105	0.3240266112263337	0.0004568767416193304	0.00045687463870837803	0.00045687679199850914	0.3858739726986201	0.1579715505395846	0.00045688268029029706	0.00045682961050222344
9	0.0007770007880309358	0.0007771174060329771	0.0007770655884592565	0.0854214678029009	0.0007770517327708233	0.0007770267198872746	0.0007770455049772794	0.90758507654108	0.0007770817114510926	0.0007770654163775957	0.0007770007880319951
10	0.0002858776484496053	0.00028590257956854814	0.0002858988019739448	0.00028590417562058396	0.0002858900664207155	0.0002858944722491212	0.00028591469146504306	0.17400425551133028	0.823422682752806	0.0002859016516665077	0.0002858776484496203
11	0.00021748586506439816	0.9978250531773883	0.00021750508824995162	0.00021749766569166234	0.0002174888781393936	0.0002174910976498745	0.00021749868443849999	0.00021749837281286215	0.00021749723908040856	0.00021749806641987977	0.0002174858650645368
12	0.0003156565696284864	0.006664993466062683	0.00031567783265911293	0.0003156758924528285	0.000315694724318929	0.0003156654137388002	0.0003156718832641768	0.0003156861489925176	0.7364533999978302	0.2543562215014234	0.00031565656962881
13	0.0002379819177417762	0.4413744233421025	0.00023800675775342817	0.00023800719483547502	0.016050329123519023	0.0002380009925242295	0.0696679924080161	0.19805029893628756	0.2734289693506034	0.00023800805887455123	0.00023798191774197723
14	0.0002642706158224522	0.00026429237744634806	0.00026430156795562555	0.0002643135061575208	0.00026427931772025735	0.0002642849748791908	0.0002642929629075251	0.0002642844492486765	0.9973571216091262	0.000264288002913553	0.00026427061582267507
15	0.0013368984238534434	0.2760395304315131	0.0013370266922572483	0.0013369956250747965	0.0013369751961972295	0.0013369797971627068	0.0013371739825981722	0.4314447465978416	0.2818197793449285	0.0013369954847186026	0.0013368984238546178
16	0.00025464731721996014	0.00025466640853345405	0.23726600670262424	0.00025467484239165056	0.0002546788304925689	0.00025467848660059103	0.00025467777601818057	0.00025466987727502905	0.6255333351702251	0.13516331727139907	0.00025464731722005214
17	0.00031786395819110056	0.00031788210900593494	0.2973838804276915	0.0003179002215614356	0.0003178758900038484	0.0003179096611568244	0.0003178934301769595	0.0003178774578406072	0.12713088461407548	0.572942168272105	0.0003178639581912944
18	0.0004662004703111031	0.0004662228724798691	0.00046625593296358546	0.00046626401473429926	0.000466213831909238	0.00046621588560335017	0.000466224878926062	0.00046624622315911263	0.00046623530761110056	0.9953377201119906	0.00046620047031155907
19	0.00018218254940226763	0.00018219898729020337	0.00018219993744860555	0.00018220085240610665	0.0001822027319771465	0.00018219761808311956	0.00018219937281963342	0.00018220469557983423	0.9981780174550253	0.00018221325056542558	0.00018218254940240193
20	0.0003342246019149494	0.00033426911689302363	0.00033425102806903167	0.0003342520901703633	0.00033423430265760453	0.0003342380241906749	0.996657542460259	0.0003342607903872801	0.00033425969250446696	0.00033424329103847524	0.0003342246019150638
21	0.0007047216442718269	0.0007048138910163872	0.0007047716292483155	0.0007047978600408387	0.0007047427874998698	0.0007047903591644266	0.0007047921970961009	0.0007048071910882127	0.9929522595744307	0.000704781221871714	0.0007047216442715523
22	0.00034566194650250895	0.6012253597941382	0.0003456806555496585	0.00034570007725435775	0.0003456703233486801	0.00034572889381003245	0.3956634696123373	0.00034568523849253977	0.0003456962970329697	0.00034568521503135886	0.0003456619465025795
23	0.000733137843399857	0.27841257811087267	0.0007332277238880916	0.0007332044480207035	0.0007331751786357914	0.0007331887450478499	0.0007331680952345055	0.1517746003016842	0.5639473790104185	0.0007332026993976619	0.0007331378434003297
24	0.00023551578179202212	0.0002355290753948311	0.0002355279258177758	0.00023552777750027244	0.00023556716089619502	0.0002355219010177261	0.00023552589164901137	0.00023553558025015472	0.00023553560771605696	0.9976446975161738	0.0002355157817921711
25	0.00026737968208951046	0.0002674160839361019	0.000267411915425959	0.00026740494794879433	0.00026738923293232754	0.00026739255052387137	0.00026739079435859897	0.9973260361893422	0.000267399730263406	0.0002673991910895081	0.00026737968208974904
26	0.0006060606131952871	0.21314582826867076	0.7813992741861093	0.0006061053203575088	0.000606089990835266	0.0006060846988898891	0.0006061257198901821	0.0006061338269747067	0.0006061215364290304	0.0006061152254521476	0.0006060606131957067
27	0.0002539360097407618	0.9625173168969273	0.0002539472775932953	0.0002539620428678691	0.0002539481372173344	0.0002539422903647591	0.03519716272037495	0.00025395134048944397	0.00025394651954596935	0.00025395075513738553	0.0002539360097408811
28	0.0006887052442058651	0.15587785105508256	0.0006887452007695107	0.11655184659146997	0.0006887335482576404	0.0006887404491855932	0.000688765354025251	0.7220603608089919	0.0006887722657375277	0.0006887742380677891	0.0006887052442061082
29	0.0004095004148052588	0.00040953616032510167	0.0004095297911634587	0.0357358949122478	0.0004095285060679878	0.0004095382223857572	0.0004095249555714341	0.0004095551787443711	0.0004095437158495294	0.9605783477280333	0.00040950041480593735
30	0.00023798191856715188	0.00023800449809190574	0.00023802473204127036	0.4314412882296272	0.0002380167639603003	0.00023801513444841017	0.17064264649597868	0.1105136948857762	0.2857363420459499	0.0002380033769915364	0.0002379819185673719
31	0.00015755475182627844	0.00015757327323399014	0.0001575619139498419	0.8419448647519111	0.0001575589968630165	0.00015756521032177703	0.15663706467472724	0.00015756701043193717	0.00015756598805790825	0.00015756867685060672	0.00015755475182637195
32	0.00022446689271743284	0.0002244815186506177	0.9977552369274637	0.00022448350769100085	0.0002244744568736949	0.00022448261105394423	0.0002244740222583746	0.00022447703960656946	0.00022447959066402952	0.0002244765403029753	0.00022446689271763423
33	0.00023250407146153295	0.00023252165351617514	0.00023253490285665064	0.00023252171078303819	0.00023251751733170803	0.00023255058995030257	0.00023251502834404012	0.00023252313952005786	0.997674782145794	0.00023252516898053445	0.00023250407146195267
34	0.00029420418226001687	0.31248095043824925	0.00029422466011199056	0.0002942408612633626	0.0002942225089903771	0.00029422299064080687	0.141036911227239	0.0002942499544354988	0.00029423983143778175	0.5441283291631117	0.00029420418226023
35	0.000834028365236853	0.9498279760979086	0.04266537235348785	0.0008341258982325597	0.0008340716582531227	0.000834052586881971	0.0008340661241928649	0.0008341008858934007	0.0008340986950819101	0.0008340789695929982	0.0008340283652377838
36	0.001021450483281788	0.20151298803746964	0.001021590428119356	0.0010215604008669324	0.0010215221028035495	0.0010215494551183996	0.045083947610503716	0.5470547557151726	0.0010215733403488205	0.19919761194303184	0.0010214504832834087
37	0.00039016777814610606	0.7057249647596955	0.0003901910572133139	0.16055953344562587	0.00039018798805306754	0.0003902167536938826	0.04200866548776325	0.0003902195394317129	0.08897547315047505	0.0003902122617553416	0.0003901677781469206
38	0.0004522840403328197	0.23543144744366912	0.00045231752940707963	0.0004523079169288644	0.000452345035892014	0.00045229334190349975	0.0004523076169870816	0.7604977657867178	0.0004523193331965179	0.00045232791463201594	0.00045228404033323166
39	0.00012608750612512736	0.00012610050743752692	0.00012609714251493446	0.00012609817262585325	0.00012609114053510566	0.00012609562368164244	0.9987390487551074	0.00012609857758213178	0.0001260970894418149	0.00012609797882317034	0.00012608750612521272
40	0.0005443658249864032	0.0005444430977090056	0.0005444350864833684	0.11660990966207611	0.052877678168313874	0.000544440587611608	0.000544414543708107	0.0005444389912455263	0.5704592206168266	0.256242287596049	0.0005443658249905104
41	0.0002437241078040737	0.13272669973779103	0.00024374522705961334	0.00024374906612261484	0.00024373644273311483	0.00024374711734894737	0.00024374973500241145	0.00024375578827456966	0.00024375228603566008	0.8650796163840236	0.00024372410780431142
42	0.00019058509783919888	0.00019059295920721846	0.00019060173284231834	0.00019059646236104777	0.00019059205334100694	0.00019059778804208924	0.9980940451933814	0.00019059862436866134	0.00019060819705657816	0.00019059679372117406	0.00019058509783927385
43	0.00022727273078743362	0.3213153068342461	0.00022729440662507322	0.00022729048669228906	0.00022729999412177476	0.0002272960620900516	0.00022734524668883657	0.34423322960174196	0.19871930276846422	0.13414108913775488	0.00022727273078740635
44	0.001122334473608436	0.5382251799670277	0.001122446558977604	0.0011224813589446787	0.0011224298641950854	0.0011224651178217227	0.0011225203094324724	0.001122497347361044	0.45167286791543526	0.0011224426135853672	0.0011223344736107483
45	0.00037105751803350476	0.00037109649838652835	0.0003711061699795976	0.00037109005622566835	0.000371101795448101	0.00037107718440056636	0.0003710793219909827	0.9962891153756299	0.0003710954912725928	0.00037112307059876333	0.00037105751803388006
46	0.000547645132980215	0.0005477009110366725	0.0005476918864364703	0.9945232100427821	0.000547693329549637	0.0005476630884010792	0.0005476740412256464	0.0005476874837987687	0.000547708342817032	0.0005476806079915612	0.0005476451329809407
47	0.0001866716468313128	0.00018668942784776847	0.00018668784094336773	0.00018668623270666522	0.00018667863564749034	0.0001866893470126076	0.28023755770170405	0.7180822878005447	0.00018669221832852442	0.00018668750160211745	0.00018667164683152515
48	0.0004268032488202219	0.03980428570721524	0.00042682336650342413	0.000426831990985662	0.16554847823828764	0.0004268146519654261	0.00042682974852138836	0.0004268329766508566	0.7912326749612114	0.0004268218610179731	0.00042680324882068065
49	0.0004545454561394344	0.0004545576766528048	0.00045455912900842487	0.0004545587108397968	0.9954544487191117	0.0004545519315587126	0.0004545536784011229	0.0004545565807202559	0.00045456242806854403	0.00045456023335961	0.0004545454561395854
