doc	0	1	2	3	4	5	6	7	8	9	10	11
1	0.0001482799527207235	0.00014828444899495368	0.00014828315071826188	0.9983688824127632	0.0001482818747028359	0.00014828633844425572	0.00014827995272075122	0.00014828500251682	0.00014828460766047073	0.00014828407107423877	0.0001482822986951901	0.00014828588898835695
2	0.00018315018328378778	0.0001831523445579806	0.0001831523450114577	0.00018315550000477562	0.00018315178931254127	0.9979853220152535	0.00018315018328379808	0.00018315302109573283	0.0001831535567140241	0.00018315252184575095	0.0001831527923983292	0.00018315374723840028
3	0.0004084967328572177	0.00040851768681771783	0.00040851723706165606	0.00040851051101193183	0.00040849918544735874	0.00040851060046180024	0.0004084967328573845	0.0004085131721458081	0.00040851064745828187	0.00040851703789876253	0.00040850308304501255	0.9955064073729372
4	0.00043177893053960903	0.5637530039833812	0.00043179298507707066	0.07974296841100133	0.00043180201882668474	0.11326743327317335	0.00043177893053975654	0.0004317985878074897	0.00043180235405717546	0.23978223315529576	0.00043179492779266913	0.0004318124425079358
5	0.00047619047686963745	0.9947618097339174	0.0004762010908412265	0.00047620601288294033	0.00047619376561034815	0.0004761964592590003	0.00047619047686964846	0.00047620583367133346	0.00047620054809544585	0.0004762111076908432	0.00047619565168059605	0.0004761988426115738
6	0.00031565656636565114	0.00031567129681826886	0.00031566442942818285	0.00031566755291078996	0.0003156582961138943	0.0003156607495203774	0.0003156565663657203	0.00031567030461592254	0.0003156719020643539	0.09397574117392998	0.0003156638935042515	0.9028676172683625
7	0.0003805175045222858	0.0003805283819496518	0.00038052197352818795	0.0003805274403308056	0.0003805202097929461	0.0003805372099656461	0.00038051750452231	0.9958141967060622	0.00038053623784992303	0.00038053024645289197	0.0003805210522793705	0.0003805455327439035
8	0.00041876047036116046	0.00041877843261591165	0.00041878405077450256	0.0004187799754986169	0.0004187802037360269	0.00041878396047745857	0.00041876047036121055	0.11743724201802534	0.14910328623715902	0.0004187831287484631	0.0004187729643316279	0.7296904880879107
9	0.0007122507138532306	0.0007122738834624744	0.0007122694429406032	0.0007123187122849993	0.0007122760596077065	0.000712263105830715	0.000712250713853366	0.9921649828061148	0.0007122852982393862	0.0007122722240804656	0.0007122819455456983	0.0007122750941865592
10	0.0002620545078850582	0.0002620624387253253	0.00026206245597350936	0.0002620649577329955	0.00026205977787640373	0.00026206202616624135	0.0002620545078850826	0.00026206884823068617	0.9971173218835172	0.00026206356076131985	0.00026205911168631133	0.00026206592355986966
11	0.00019936204170231645	0.9978069813544347	0.00019936688015434389	0.00019936698333484007	0.0001993631782710363	0.0001993639329546366	0.00019936204170233198	0.00019936715925841653	0.00019936624538306465	0.00019936624553040504	0.0001993659104565596	0.00019936802681745164
12	0.00028935185243130477	0.00028938489097182996	0.00028935875003503324	0.0002893625284544765	0.00028936975488419285	0.00028935607037383827	0.0002893518524313708	0.00028936356266975215	0.8712836930407222	0.125822686750086	0.0002893606073788321	0.0002893603395611841
13	0.0002181500879089558	0.4140155033016826	0.00021815417332549043	0.00021815879469246375	0.0002181635333791495	0.00021815690527026194	0.00021815008790901762	0.1690746305186918	0.2711219401540555	0.00021815894854765728	0.00021815494862505836	0.14404267854591185
14	0.0002422480624016616	0.00024225484532101017	0.00024225089656949704	0.00024225731867989368	0.00024225162504420178	0.00024225437001756424	0.00024224806240166554	0.00024225532220893207	0.9973352129509047	0.00024225451557140007	0.0002422526884477247	0.0002422593424317243
15	0.0012254902000852028	0.5569698799261533	0.0012255120107310196	0.0012255114374849889	0.0012255238760256212	0.0012255170109598055	0.00122549020008579	0.0012255659251209862	0.25403007705346203	0.0012255311520918395	0.001225498551855796	0.17797040265594355
16	0.00023342670442897493	0.00023343297490185407	0.00023343147276944426	0.12736581623302826	0.00023343626234169528	0.00023343694879044224	0.00023342670442898962	0.00023343531358684745	0.00023343522529167674	0.8702998587426407	0.00023342885521971204	0.00023343456257147256
17	0.00029137529196302523	0.0002913837994369924	0.0002913795486350666	0.00029138942425259966	0.0002913798974057698	0.0002913918308111566	0.00029137529196305613	0.0002913837724506436	0.12389518566945051	0.8731909787691364	0.0002913826758763014	0.0002913940286183387
18	0.0004273504279221726	0.00042735881527940315	0.0004273621849999391	0.0004273669590281785	0.0004273547069940425	0.00042735528361726566	0.0004273504279223045	0.0004273666309618656	0.00042736023979634343	0.9952990486650508	0.0004273612799954561	0.00042736437843232656
19	0.00016700066835095435	0.00016700625168657458	0.00016700491381925784	0.00016700700916139877	0.00016700606685655957	0.000167007642876538	0.0001670006683509784	0.00016700916861068116	0.9981629393693432	0.00016700731219205424	0.0001670039198481675	0.00016700700890371348
20	0.0003063725495451514	0.0003063886953537584	0.00030640943701665664	0.00030637748268719456	0.0003063764455463714	0.00030637674919452464	0.00030637254954522065	0.00030638371674836164	0.0003063837182936291	0.00030637832149152687	0.0003063761344406617	0.9966298042001369
21	0.0006459948333581981	0.0006460215670352391	0.0006460030226239496	0.0006460221778406105	0.0006460047734203802	0.0006460153533073031	0.0006459948333583245	0.0006460232642106859	0.9928938884401354	0.000646011016540446	0.0006459999213325707	0.0006460207968369854
22	0.00031685678126117513	0.5113484342754965	0.00031686068030679833	0.00031686608909341067	0.0003168599614373263	0.0003168856869446559	0.0003168567812611862	0.00031686372452719775	0.0003168672386815551	0.00031686667371529315	0.0003168581891757482	0.4854829239180992
23	0.0006720430128117398	0.4039153256810147	0.000672066340922006	0.0006720761670606959	0.0006720685096771104	0.0006720639382880334	0.0006720430128118292	0.3160350490002221	0.2740010731648529	0.000672071959165536	0.0006720598654089684	0.0006720593477642706
24	0.00021588946496356448	0.00021589533385739726	0.0002158923633869047	0.000215894505696718	0.0002159009564991548	0.000215891752715252	0.00021588946496359582	0.0002158970374554169	0.0002158985267574351	0.997625162086033	0.00021589461040797555	0.00021589389726356785
25	0.0002450980397193952	0.08826724686180322	0.0002451016820991819	0.0002451114267062491	0.00024510357021546674	0.0002451069359549524	0.00024509803971942384	0.9092817147237325	0.0002451057078709785	0.0002451051276093616	0.0002451050812299471	0.00024510280333923885
26	0.0005555555558391226	0.0005555752669666865	0.9938888178457267	0.0005555646580685761	0.0005555586437013743	0.0005555593240692487	0.0005555555558391511	0.0005555645721949158	0.0005555639144800308	0.0005555627062799187	0.0005555592282473789	0.0005555627285869568
27	0.00023277467436676015	0.9283665136627877	0.00023277940288921696	0.00023278084578545966	0.00023277861751934298	0.00023277765993163122	0.00023277467436679701	0.00023278034022124688	0.00023277889746974668	0.0002327796875314492	0.00023277991791336106	0.06930570161921722
28	0.0006313131329544446	0.12578287413712191	0.0006313250420046558	0.0006313435942774937	0.0006313314590489912	0.0006313272818052314	0.000631313132954646	0.6697700581324552	0.0006313377288614705	0.0006313497712326477	0.0006313273460802328	0.19876509924120303
29	0.0003753753762513862	0.00037539099035851684	0.00037539162575891656	0.0003753947430202416	0.00037538928760628526	0.0003753914775765559	0.0003753753762514814	0.00037539488136552595	0.00037539359300824246	0.9958707192007791	0.0003753925197705689	0.00037539092825327185
30	0.00021815008788970662	0.00021815719299437834	0.0002181539142041479	0.00021815842563170347	0.11274500302515233	0.03864665497306097	0.0002181500878897408	0.20168960561866803	0.00021815949152081087	0.00021815910633816418	0.0002181557847575607	0.6451734922918924
31	0.0001444251880096261	0.00014443107664270711	0.00014442742033992672	0.00014442899422212183	0.00014442737171210948	0.00014443134410561609	0.00014442518800965093	0.00014442923647305602	0.00014443105352149522	0.00014443015945246097	0.00014442919267606104	0.9984112837748352
32	0.0002057613172735506	0.00020576886835517544	0.00020577190113093112	0.14987338244504506	0.00020576588762937105	0.000205770030599977	0.0002057613172735662	0.8480689449626982	0.0002057681998666786	0.00020576938419143096	0.00020576787253077502	0.00020576781340523906
33	0.00021312873016578364	0.0002131382205417669	0.0002131342885005349	0.00021313883652582163	0.00021313400280096003	0.0002131456012473313	0.0002131287301658331	0.0002131362060790407	0.9976555008698148	0.00021313811736074762	0.00021314221185763618	0.00021313418493969477
34	0.00026968716360438894	0.2887163641116309	0.0002696910375149712	0.00026969646994678146	0.0002696950975523961	0.0002696924516597619	0.0002696871636044784	0.0002697025182165537	0.00026969948152445804	0.4846169398655607	0.00026969612027292794	0.22423944851891178
35	0.000764525995175133	0.8438583819238267	0.14849614498162475	0.0007645594710909704	0.0007645510107526477	0.0007645362765408007	0.0007645259951753618	0.0007645558415952586	0.0007645583564391948	0.0007645494087426923	0.0007645452885391121	0.0007645654504974878
36	0.0009363295915368331	0.36964786966371477	0.000936375677852972	0.000936361965313025	0.0009363588551723951	0.0009363557676943744	0.0009363295915369609	0.0009363829730374657	0.0009363811964015653	0.43691302271723625	0.0009363654944820444	0.18501186650602133
37	0.0003576537921270251	0.6345455509181211	0.00035766123920158226	0.0003576690279282824	0.000357663837069648	0.07202706275815407	0.00035765379212707323	0.00035767302583098874	0.12775167195290918	0.0003576679851613639	0.0003576673146840697	0.16281440435668568
38	0.000414593699007646	0.4318691190664589	0.0004146034957141302	0.0004146006074885491	0.00041460825876043865	0.0004145973157817006	0.0004145936990077454	0.5639848631511825	0.0004146057845019518	0.00041460885411650665	0.0004146035778422098	0.0004146024901378627
39	0.00011558021289554492	0.00011558670429956932	0.00011558302128898184	0.00011558528868621468	0.00011558203817431301	0.00011558343194815421	0.00011558021289557576	0.00011558457933477416	0.00011558345142894538	0.00011558487830791703	0.000115582936391712	0.9987285832443483
40	0.0004990019963648709	0.000499011240732908	0.0004990068988792413	0.0004990115846807651	0.0004990099227318389	0.0004990084896657889	0.0004990019963649093	0.000499010175150259	0.0004990131350669432	0.0004990113733405701	0.9945109056577396	0.0004990075292822543
41	0.00022341376286540482	0.16325486307859416	0.00022341968182080816	0.00022342111586126415	0.00022342069834119986	0.00022342489916554192	0.00022341376286544147	0.0002234252676729533	0.21164272488113622	0.6230916296446936	0.00022342116621599042	0.00022342204076721445
42	0.0001747030051419923	0.00017470649953889498	0.00017470472507892575	0.000174706086607427	0.00017470613174292403	0.00017470634307292286	0.00017470300514199643	0.00017470853724399238	0.00017470998117614331	0.0001747086868157859	0.00017470515909324112	0.9980782318393457
43	0.00020833333387508342	0.3926759643716744	0.00020834548091816851	0.00020833911553710854	0.00020834154634889908	0.00020834208407649756	0.00020833333387519032	0.30597354585136605	0.17847892252860467	0.12120484260736068	0.00020834210978112205	0.0002083476365820461
44	0.0010288065865637819	0.935661550958986	0.0010288319396196204	0.05405006778262035	0.0010288331789158707	0.001028861910583374	0.0010288065865639744	0.0010288331132286403	0.001028870306531742	0.0010288427154230377	0.0010288269727372556	0.0010288679482264539
45	0.00034013605500907254	0.00034016552597170377	0.0003401469037003451	0.0003401446901672869	0.0003401523901907378	0.0003401422772806367	0.0003401360550091589	0.9962583824811313	0.00034014989657392246	0.0003401523382447007	0.0003401438463456077	0.0003401475403755433
46	0.0005020080327981004	0.000502029487253922	0.0005020155333353807	0.9944778020352535	0.0005020189858567913	0.0005020130076617746	0.0005020080327981664	0.0005020208308293112	0.0005020356375630929	0.0005020173173284762	0.000502014169531012	0.0005020169297904503
47	0.00017111567457440033	0.00017112352786746008	0.00017111971368537627	0.00017112073516879946	0.00017111885920221932	0.00017112362333160014	0.00017111567457445609	0.4843171500715164	0.00017112275745647973	0.000171122511700235	0.0001711212284313137	0.5139716456224913
48	0.00039123630752235724	0.03305920402342764	0.00039124608556434314	0.0003912481025345739	0.19190098049879595	0.0003912405573246266	0.00039123630752243763	0.00039124862778770845	0.771518621288469	0.0003912458046256898	0.00039124397862047973	0.0003912484178051289
49	0.0004166666668872057	0.00041667137452407253	0.00041666818716049145	0.00041667060649750105	0.995416630956202	0.00041666920180361786	0.00041666666688722204	0.0004166713840365752	0.0004166724342076892	0.00041667198030397414	0.000416670494919859	0.0004166700465697065
