doc	0	1	2	3	4	5	6	7	8
1	0.00019770667646721665	0.00019780149587109839	0.00019780555825242216	0.9984175277068881	0.00019775685732888228	0.00019788321503225027	0.00019784707497478687	0.00019784605191066395	0.00019782536327460508
2	0.0002442002876859864	0.0002442497299372392	0.00024426441344346073	0.0002443240915812711	0.00024423162628678445	0.9980459467008604	0.0002442596504306102	0.00024425139956917036	0.0002442721002050658
3	0.0005446625913175576	0.0005451239381175898	0.0005450372319630684	0.000545012054335358	0.0005446991155586416	0.000545064161379937	0.9956403487732569	0.0005450236463262522	0.0005450284877446622
4	0.0005757056405383256	0.41952293875600805	0.0005758461854701998	0.0005762379464725332	0.0005760092966996745	0.1030471060423589	0.0005766605121802086	0.0005761873619862263	0.47397330825828576
5	0.0006349208534811055	0.9949191498562325	0.0006352452730375607	0.0006351694694947712	0.0006349876796796107	0.000635050604490565	0.0006350736258079497	0.0006352239588844279	0.0006351786788914892
6	0.0004208755506082514	0.000421038008433444	0.996631772571124	0.00042110638557832413	0.00042090563001711867	0.0004209704754897479	0.00042109040966091743	0.0004211018943358999	0.0004211390747521523
7	0.0005073569470244286	0.000507646393018694	0.0005078212816621082	0.0005081421939979242	0.0005074404668893474	0.0005079229597734174	0.0005078143257650215	0.995938164793854	0.0005076906380151746
8	0.0005583476809130654	0.0005586381792157283	0.1515460997536206	0.34924000940134603	0.0005586205840641111	0.000558827635598289	0.000558767919747038	0.495861875301238	0.0005588135442570622
9	0.0009496682399047295	0.04259866380946583	0.0009502000310550497	0.10829461935850232	0.000950144526638658	0.0009499049153812053	0.0009501100278222342	0.8434063141169384	0.000950374974291522
10	0.0003494062097624562	0.0003496127367995293	0.0003495657000052814	0.00034961461242502876	0.00034949718364815494	0.00034952933326681454	0.00034971295484280873	0.0003497232073784178	0.9972033380618714
11	0.00026581613511600204	0.9978728676466809	0.0002659410352045004	0.00026591972964958797	0.0002658449038744781	0.00026585847750282623	0.0002659476914835123	0.00026590134102704864	0.0002659030394611982
12	0.0003858026748246941	0.0003862258147087403	0.00038596904397943474	0.0003859867348007433	0.0003861791798693727	0.00038587751089437744	0.0003859510588241223	0.27520867985287684	0.7220893281292217
13	0.0002908669972615394	0.5372738588790187	0.00029106233792556044	0.0002910454159904723	0.00029114163614193543	0.0002910226659925213	0.08560380573166568	0.12858579419897015	0.24708140213703356
14	0.0003229975477629925	0.0003231542213276758	0.00032322326341151746	0.000323314075203769	0.00032306372317557715	0.00032310323167280126	0.0003231697759906459	0.0003231034364386373	0.9974148707250164
15	0.0016339880779639006	0.8399480660106134	0.0016349519909055281	0.001634614269597859	0.0016348561867034136	0.001634534176056136	0.14860836362530466	0.0016352628627886512	0.001635362800066247
16	0.0003112357817669883	0.00031140691411580336	0.16593766377100422	0.0003114534148228496	0.0003114548734000639	0.0003114795821432435	0.00031142421606549794	0.0003114416642667115	0.8318824397824147
17	0.0003885005705355684	0.0003886380612942751	0.3152780205196526	0.0003887310724519486	0.0003886128894150894	0.0003887991678007154	0.00038877338473623465	0.0003886514660801166	0.6820012728680335
18	0.0005698008461559063	0.0005700495386159437	0.0005702739172965825	0.03553576259416231	0.000570016226527781	0.0005700073417920918	0.0005699697075040857	0.24348448175532028	0.717559638072625
19	0.00022266767842498894	0.0002228043703525192	0.00022280429816192815	0.00022280042195856154	0.00022282662921158176	0.0002227856548826898	0.00022281418760119605	0.00022286007167980087	0.9982176366877267
20	0.0004084968742745665	0.00040881981506201874	0.00040871594000829704	0.0004086921670233779	0.0004085684603845652	0.0004085915425986947	0.9967306580530068	0.0004087028886209776	0.0004087542590205967
21	0.0008613269331535769	0.0008621112518383994	0.0008616975054696479	0.0008619847673860241	0.00086150676147666	0.0008618866849338304	0.000861995830593604	0.0008619222170883316	0.9931055680480599
22	0.0004224759011574081	0.5573940495881078	0.0004226189522208521	0.00042275755745780627	0.0004225378286660619	0.00042298038256258046	0.43964719065440305	0.00042265484749253916	0.0004227342879319625
23	0.0008960579563300928	0.33147217893568826	0.0008967366563186431	0.0008965371151682367	0.00089637149600524	0.0008964773213365456	0.0008962955703669889	0.127539943723148	0.535609401225638
24	0.00028785273557122763	0.0002879327518476138	0.0002880131614675725	0.00028793508076999964	0.0002881184746810086	0.0002879134746683328	0.0002879359030029989	0.9976962661147872	0.00028803230320412524
25	0.00032679757413425157	0.08950748308625664	0.00032708554425407867	0.00032706465532453033	0.0003268913735938975	0.0003269903586048804	0.0003268833557445659	0.9082038286233114	0.00032697542877562435
26	0.0007407410717315246	0.20296888464542198	0.7918436972608115	0.0007411043229218501	0.0007409423361868113	0.0007409298669986623	0.0007412008919387309	0.0007412888315340328	0.0007412107724549706
27	0.00031036631337477	0.9495131101186925	0.0003104654497336741	0.000310593983297334	0.0003104638590893654	0.00031041953377208907	0.04831363366192761	0.0003104982890712476	0.0003104487910414847
28	0.0008417513640040387	0.3163702509845223	0.0008421114375605075	0.10279653261735984	0.0008421231351196044	0.0008421567709550848	0.0008422898021669187	0.57578038802498	0.0008423958633315044
29	0.0005005007953998046	0.0005007649743744161	0.0005007405220201013	0.23390787653199654	0.0005008057481415546	0.000500671038553051	0.0005006372577491598	0.7625870575277014	0.0005009456040639612
30	0.00029086701433065916	0.00029103842815586924	0.00029107883478822705	0.16449053219734264	0.0002910714920026013	0.04813783848378347	0.23655985762494275	0.0002910814340306113	0.5493566344906232
31	0.00019256698921703825	0.0001926982655564449	0.00019262298605858256	0.7838604911691684	0.00019260100824117552	0.0001926666776379227	0.21479103526841054	0.00019265944559595185	0.0001926581901139228
32	0.0002743484978172364	0.00027445645412480445	0.9978045358166693	0.0002745006422906626	0.00027440628069744737	0.00027446821712607167	0.0002744069395189233	0.0002744250477106001	0.00027445210404486437
33	0.0002841717756996492	0.00028434236088286226	0.000284419282847246	0.00028433861776610826	0.00028430662670650056	0.015980661364942438	0.00028425079848764357	0.00028433538849842086	0.9820291737841691
34	0.0003595830967581462	0.2690366260555518	0.0003597047760094183	0.0003598104189334083	0.0003597113210987159	0.0003596861519979686	0.6011030019963562	0.12770205673726714	0.00035981944602733485
35	0.001019368434760215	0.8767351568710268	0.11612648618356784	0.0010202724122529035	0.0010196948465671346	0.0010196242407272474	0.0010196419329061201	0.0010198388763382415	0.0010199162018534786
36	0.00124844034886635	0.24384652790988823	0.0012495191449793728	0.0012490934358576596	0.0012488571687467409	0.0012489641951968168	0.023497594038556318	0.7251616437467848	0.0012493600111235326
37	0.00047687201474532306	0.6476302714691824	0.00047702772712278005	0.14812227571301614	0.0004770285148161211	0.0004772732360741697	0.042413093506185044	0.15944892362196203	0.0004772341968957691
38	0.0005527918755934096	0.22947375552804927	0.0005531472479800098	0.0005529790812129216	0.0005532210293416544	0.0005528916900836933	0.0005529678699476474	0.7666552222888238	0.0005530233889676888
39	0.00015410701777243316	0.00015419598317541886	0.00015418135769761088	0.00015418903098268885	0.00015413580016013028	0.0001541667852772033	0.9987666273060725	0.0001542115707269603	0.0001541851481350889
40	0.0006653365106978479	0.0006658948825552683	0.0006658440840605484	0.08088147389230846	0.06435581240811673	0.0006658985564622446	0.0006658376618231217	0.3267227580095106	0.5247111439944652
41	0.0002978851924289964	0.22156299496037996	0.00029802273814702625	0.00029804881626149387	0.0002979678934072485	0.00029808985293205726	0.0002980347923045628	0.3243595954556027	0.45228936029853606
42	0.00023293741605763464	0.0002330029132992432	0.00023306045135609995	0.00023301693558648356	0.00023298625333014654	0.00023303330806360837	0.9981358408611348	0.00023302798790282955	0.0002330938732692119
43	0.0002777779427696984	0.4350273475928443	0.0002779526776105835	0.00027791986536604467	0.00027795037356041264	0.00027795490716074004	0.00027806660382808984	0.34706791973332746	0.2162371103035327
44	0.0013717428265288879	0.9890191231037594	0.0013724862798412442	0.001372908681178131	0.0013723707259691556	0.00137290296915008	0.0013732742029473712	0.001372276584886255	0.0013729146257393755
45	0.00045351493413941927	0.0004539981168434555	0.00045386256870598245	0.0004538101495174068	0.000453662235490127	0.0004536898086089957	0.00045369418388110846	0.9963699896308338	0.0004537783719797517
46	0.000669344347889047	0.0006697602014231871	0.0006696586046751244	0.9946431021896027	0.0006697185791087152	0.0006694754144778769	0.0006695465111292878	0.0006696324270755317	0.0006697617246184295
47	0.00022815434126983989	0.00022829971394184467	0.0002283020683934272	0.00022826868654306744	0.00022821165059338467	0.0002283208193701022	0.31017719910281843	0.688224937831029	0.00022830578604083734
48	0.0005216486725717896	0.04357808187242038	0.0005218191216387335	0.00052190371741734	0.21441725608712545	0.0005217413872790571	0.000521872128913081	0.000521874066519404	0.7388738029461148
49	0.0005555556334226663	0.0005556427026461235	0.0005556613354976487	0.0005556479105507474	0.9955549016307779	0.0005556088827755366	0.0005556249610929677	0.0005556678337584842	0.0005556891094779288
